,Global_active_power,Global_reactive_power,Voltage,Sub_metering,power_consumption
16,50.852000000000004,2.8120000000000003,6474.97,146.0,694.1249999999998
17,48.726,3.576,8422.2,400.0,412.1
18,19.566,2.928,10840.13,129.0,197.10000000000002
19,66.596,4.302,7181.28,714.0,383.9333333333334
20,29.112000000000002,5.026,8703.04,192.0,293.20000000000005
21,29.054,3.898,8237.09,211.0,273.23333333333335
22,25.304,5.512,10345.28,110.0,311.73333333333335
23,27.41,2.87,7767.73,305.0,151.83333333333331
24,48.858,7.598,8383.81,394.0,420.29999999999995
25,37.866,3.308,9097.11,291.0,340.1
26,11.516,2.652,8160.9,43.0,148.93333333333334
27,58.908,4.708,7465.5,523.0,458.79999999999995
28,71.53999999999999,5.208,6203.42,495.0,694.1249999999998
29,79.477,5.474,8571.23,500.0,694.1249999999998
30,55.268,6.258,9677.4,445.0,476.1333333333333
31,43.02,3.552,7733.03,240.0,477.0
32,72.662,5.1339999999999995,9142.98,599.0,612.0333333333333
33,37.048,3.6959999999999997,9673.99,293.0,324.4666666666667
34,43.802,4.502,10324.11,381.0,349.0333333333333
35,79.477,8.080750000000002,11008.91,622.0,694.1249999999998
36,79.477,6.102,7859.41,714.0,648.5333333333333
37,66.03,5.842,9890.5,523.0,577.5
38,46.828,2.344,8225.79,96.0,684.4666666666667
39,60.608000000000004,3.608,6746.05,248.0,694.1249999999998
40,32.304,3.1180000000000003,8789.83,299.0,239.4000000000001
41,36.16,2.638,7287.49,235.0,367.66666666666663
42,38.914,3.382,8221.91,325.0,323.5666666666667
43,69.222,3.874,8189.01,398.0,694.1249999999998
44,37.706,3.818,6740.96,283.0,345.4333333333333
45,31.254,4.3759999999999994,8489.17,172.0,348.9
46,60.47,3.148,8870.62,498.0,509.83333333333337
47,29.442,4.862,7742.45,121.0,369.7
48,51.912,4.42,9350.78,412.0,453.20000000000005
49,10.63,2.688,8194.06,26.0,151.16666666666666
50,44.456,4.352,8670.72,461.0,279.9333333333333
51,19.15,3.216,6594.64,96.0,223.16666666666669
52,45.358,4.814,7722.0,426.0,329.9666666666667
53,21.462,4.4559999999999995,9147.94,207.0,150.7
54,31.532,3.778,7265.93,201.0,324.5333333333333
55,45.138,6.352,8141.12,440.0,312.29999999999995
56,60.866,4.36,7374.4,618.0,396.4333333333333
57,55.73,2.908,10272.39,624.0,304.83333333333337
58,62.698,6.504,7469.31,472.0,572.9666666666667
59,46.28,2.828,7911.01,341.0,430.33333333333337
60,79.477,6.4879999999999995,9850.97,680.0,656.3666666666666
61,60.086,4.702,9616.95,487.0,514.4333333333333
62,45.266,3.91,9661.29,327.0,427.4333333333333
63,53.346000000000004,6.4559999999999995,9331.4,392.0,497.1
64,79.477,8.080750000000002,11713.289999999999,714.0,694.1249999999998
65,50.752,4.564,7920.64,382.0,463.8666666666667
66,54.488,4.2219999999999995,7450.7,284.0,624.1333333333333
67,38.54,3.858,8443.59,305.0,337.33333333333337
68,77.928,3.36,6670.52,372.0,694.1249999999998
69,40.782,4.534,10833.7,278.0,401.70000000000005
70,20.006,4.082,10327.08,105.0,228.43333333333334
71,12.038,2.816,7243.39,61.0,139.63333333333333
72,11.758,2.578,7212.31,65.0,130.96666666666667
73,12.0,3.064,8250.93,43.0,157.0
74,15.478,2.632,8933.9,97.0,160.96666666666664
75,25.934,5.312,8772.94,154.0,278.23333333333335
76,79.477,6.05,7151.38,583.0,694.1249999999998
77,20.058,3.164,7477.22,42.0,292.3
78,43.746,3.484,8905.73,284.0,445.1
79,24.732,4.418,9655.35,262.0,150.2
80,52.094,5.652,9381.71,596.0,272.23333333333335
81,16.586,2.194,5515.21,100.0,176.43333333333334
82,25.64,2.7199999999999998,7486.37,201.0,226.33333333333331
83,22.7,3.508,7198.24,153.0,225.33333333333331
84,36.062,3.534,8853.17,313.0,288.0333333333333
85,10.804,1.9100000000000001,8141.56,43.0,137.06666666666666
86,38.222,2.942,7968.57,262.0,375.0333333333333
87,32.394,2.936,8427.91,272.0,267.9
88,54.422,5.538,10600.32,370.0,537.0333333333333
89,37.888,3.54,7709.24,340.0,291.4666666666667
90,48.644,2.128,7632.18,374.0,436.73333333333335
91,57.254,3.368,8561.14,412.0,542.2333333333333
92,50.348,5.2459999999999996,7728.55,471.0,368.1333333333333
93,73.082,5.32,9578.02,629.0,589.0333333333333
94,50.748,3.87,8933.68,451.0,394.79999999999995
95,47.654,3.168,7734.76,358.0,436.23333333333335
96,25.222,2.146,7771.05,223.0,197.36666666666667
97,38.806,2.794,9164.94,317.0,329.76666666666665
98,48.412,3.534,7216.57,447.0,359.8666666666667
99,79.477,7.816,10834.75,501.0,694.1249999999998
100,38.71,2.97,8665.51,234.0,411.16666666666663
101,17.35,3.342,6747.07,84.0,205.16666666666669
102,61.972,5.312,8658.11,603.0,429.86666666666656
103,47.928,5.24,8662.42,321.0,477.79999999999995
104,45.906,5.7139999999999995,9887.6,310.0,455.1
105,79.477,8.080750000000002,12038.001250000001,714.0,694.1249999999998
106,63.616,4.826,6948.69,467.0,593.2666666666667
107,79.477,4.442,9127.1,487.0,694.1249999999998
108,22.062,3.0300000000000002,6507.05,171.0,196.7
109,57.668,4.074,9094.63,590.0,371.1333333333333
110,24.702,4.336,9185.91,151.0,260.7
111,27.406,5.646,9152.46,270.0,186.76666666666665
112,31.002,8.080750000000002,9878.2,304.0,212.70000000000005
113,18.824,2.686,5647.82,137.0,176.73333333333335
114,40.796,4.576,8396.83,456.0,223.93333333333328
115,34.87,2.43,8374.63,272.0,309.16666666666663
116,38.5,2.234,6946.78,333.0,308.66666666666663
117,63.818,4.394,9902.23,417.0,646.6333333333334
118,15.166,4.5,9359.69,68.0,184.76666666666668
119,12.822000000000001,3.896,8418.48,49.0,164.70000000000002
120,28.058,3.788,7925.07,216.0,251.63333333333333
121,13.38,4.5280000000000005,8186.25,59.0,164.0
122,23.598,3.574,6235.59,187.0,206.3
123,22.166,4.4399999999999995,7670.68,132.0,237.43333333333334
124,13.09,2.642,6268.56,76.0,142.16666666666666
125,16.95,4.08,9371.25,82.0,200.5
126,45.562,5.794,9569.23,551.0,208.36666666666667
127,41.86,5.5520000000000005,6452.07,314.0,383.66666666666663
128,43.04,4.694,10654.25,373.0,344.33333333333337
129,16.368,2.802,6136.64,130.0,142.79999999999995
130,33.174,3.558,7752.24,272.0,280.9
131,43.414,5.584,8685.21,430.0,293.5666666666667
132,21.124,3.962,7294.09,98.0,254.06666666666666
133,0.0,0.24275000000000002,4511.55125,0.0,0.0
134,0.0,0.24275000000000002,4511.55125,0.0,0.0
135,11.942,1.8419999999999999,4511.55125,98.0,101.03333333333333
136,61.142,4.992,8930.04,211.0,694.1249999999998
137,30.624,1.6260000000000001,6254.83,261.0,249.39999999999998
138,60.796,3.934,9137.31,664.0,349.26666666666665
139,35.958,5.922,7719.78,336.0,263.29999999999995
140,38.812,4.388,8229.81,441.0,205.86666666666667
141,24.744,4.586,5382.39,247.0,165.39999999999998
142,22.14,5.352,8412.8,150.0,219.0
143,15.004000000000001,2.754,6115.49,134.0,116.06666666666669
144,28.606,2.856,6935.46,307.0,169.76666666666665
145,41.583999999999996,3.294,10025.8,303.0,390.0666666666665
146,26.238,2.7479999999999998,7699.24,150.0,287.3
147,48.768,4.994,8679.35,412.0,400.79999999999995
148,41.246,6.344,7522.71,378.0,309.4333333333333
149,48.494,7.842,8475.68,349.0,459.23333333333335
150,28.142,3.416,9186.11,221.0,248.03333333333336
151,50.336,3.4819999999999998,9401.55,552.0,286.9333333333333
152,25.25,2.48,8023.24,208.0,212.83333333333331
153,42.494,4.328,6587.09,431.0,277.23333333333335
154,40.17,5.174,8691.65,357.0,312.5
155,43.924,4.244,7068.67,336.0,396.0666666666667
156,22.524,3.014,6840.09,199.0,176.39999999999998
157,34.126,3.652,10602.12,290.0,278.76666666666665
158,35.532,2.88,7033.88,388.0,204.20000000000005
159,32.386,4.08,10839.48,255.0,284.76666666666677
160,58.362,5.586,10291.82,580.0,392.70000000000005
161,44.03,4.7940000000000005,8697.23,443.0,290.83333333333337
162,26.644,3.86,6139.08,222.0,222.06666666666666
163,61.948,5.412,9624.52,619.0,413.4666666666667
164,26.436,3.284,10623.11,86.0,354.6
165,41.67,4.5760000000000005,8682.42,377.0,317.5
166,27.94,3.7279999999999998,8939.01,161.0,304.6666666666667
167,27.298,4.13,7220.68,80.0,374.96666666666664
168,43.178,2.962,8895.12,291.0,428.6333333333333
169,30.701999999999998,2.878,7461.89,149.0,362.7
170,32.454,3.082,7007.35,306.0,234.89999999999998
171,50.47,4.08,9163.19,253.0,588.1666666666666
172,51.062,6.316,8425.539999999999,438.0,413.0333333333333
173,19.188,3.9059999999999997,6509.55,168.0,151.8
174,16.452,2.816,7754.28,137.0,137.2
175,21.954,4.8020000000000005,9343.5,173.0,192.89999999999998
176,33.64,3.366,7157.96,254.0,306.66666666666663
177,51.624,5.442,8123.78,437.0,423.4
178,68.758,4.454,9563.4,514.0,631.9666666666667
179,25.074,6.392,10099.97,211.0,206.89999999999998
180,24.366,5.99,8147.79,237.0,169.10000000000002
181,25.828,7.1499999999999995,8419.44,297.0,133.46666666666664
182,38.774,6.704,7903.99,371.0,275.23333333333335
183,49.062,5.274,7670.88,399.0,418.70000000000005
184,18.224,4.338,7694.22,97.0,206.73333333333335
185,20.226,3.3480000000000003,7203.88,170.0,167.10000000000002
186,22.288,6.054,7463.57,208.0,163.46666666666664
187,24.656,6.124,11078.92,228.0,182.93333333333334
188,12.38,5.614,8915.18,58.0,148.33333333333334
189,11.46,4.476,7684.19,89.0,102.0
190,11.508000000000001,4.04,5774.74,31.0,160.8
191,25.182,5.194,9623.95,243.0,176.7
192,19.204,2.562,6486.22,160.0,160.06666666666666
193,34.568,4.926,8875.7,339.0,237.13333333333333
194,23.826,3.634,7415.42,276.0,121.10000000000002
195,30.89,4.966,7938.51,162.0,352.83333333333337
196,31.892,4.562,8633.6,264.0,267.5333333333333
197,45.836,4.552,6505.51,435.0,328.9333333333333
198,54.414,3.32,8194.44,480.0,426.9
199,63.582,4.17,9613.07,654.0,405.70000000000005
200,36.124,3.164,7682.2,209.0,393.0666666666667
201,25.882,4.42,7755.26,224.0,207.36666666666667
202,32.702,4.014,8920.71,218.0,327.0333333333333
203,26.808,4.168,6482.28,288.0,158.8
204,29.948,2.528,7029.94,238.0,261.1333333333333
205,47.756,4.814,9304.53,476.0,319.9333333333333
206,42.724000000000004,3.828,7415.07,446.0,266.06666666666683
207,39.826,3.722,9359.47,255.0,408.76666666666665
208,68.8,5.972,11069.83,651.0,495.66666666666674
209,16.266,5.198,7731.4800000000005,88.0,183.09999999999997
210,27.294,6.674,7226.53,267.0,187.89999999999998
211,14.514000000000001,4.854,6983.38,103.0,138.90000000000003
212,21.11,5.232,7565.71,190.0,161.83333333333331
213,20.972,3.744,8687.83,136.0,213.53333333333336
214,23.708,4.896,9464.61,186.0,209.13333333333333
215,12.574,3.084,6556.96,95.0,114.56666666666666
216,33.908,5.864,8720.09,336.0,229.13333333333333
217,24.236,6.082,8669.73,163.0,240.93333333333334
218,28.028,5.332,7561.54,263.0,204.13333333333333
219,26.444,4.374,9388.45,188.0,252.73333333333335
220,26.362,3.436,7282.71,230.0,209.36666666666667
221,7.6,2.034,7067.09,34.0,92.66666666666667
222,12.908,3.448,7527.18,87.0,128.13333333333333
223,27.84,2.41,8943.93,211.0,253.0
224,47.646,4.256,8717.54,576.0,218.10000000000002
225,6.024,2.762,8738.43,0.0,100.4
226,8.69,3.094,7777.89,34.0,110.83333333333334
227,19.196,2.706,5632.53,206.0,113.93333333333334
228,52.214,4.622,8622.25,377.0,493.23333333333335
229,51.104,4.034,9663.71,373.0,478.73333333333335
230,35.65,5.848,9400.6,250.0,344.16666666666663
231,41.33,4.05,8162.09,72.0,616.8333333333334
232,66.518,6.606,12038.001250000001,611.0,497.63333333333344
233,46.230000000000004,5.086,7551.88,566.0,204.5000000000001
234,18.334,4.688,6981.22,148.0,157.56666666666666
235,18.348,2.722,7046.08,145.0,160.8
236,39.406,5.5120000000000005,9120.07,387.0,269.76666666666665
237,21.07,2.216,7885.14,78.0,273.1666666666667
238,24.206,2.066,6498.01,131.0,272.43333333333334
239,47.702,2.874,7667.5,398.0,397.0333333333333
240,28.054,3.254,8469.2,257.0,210.56666666666666
241,18.932,1.8940000000000001,5679.11,180.0,135.53333333333336
242,25.686,3.996,8182.22,238.0,190.10000000000002
243,13.454,2.174,6492.55,70.0,154.23333333333332
244,37.176,2.392,6236.13,306.0,313.6
245,8.208,2.492,7231.94,54.0,82.80000000000001
246,43.228,5.296,9832.62,497.0,223.4666666666667
247,31.97,3.0460000000000003,7003.62,368.0,164.83333333333337
248,16.85,4.306,9859.21,74.0,206.83333333333331
249,36.492,3.34,8904.29,398.0,210.20000000000005
250,30.866,4.58,9138.39,264.0,250.43333333333328
251,30.46,4.122,6484.05,288.0,219.66666666666669
252,31.232,8.080750000000002,9575.03,289.0,231.5333333333333
253,12.808,3.556,5776.53,82.0,131.46666666666667
254,32.717999999999996,6.546,7433.61,229.0,316.29999999999995
255,25.648,4.26,9100.03,231.0,196.46666666666664
256,12.46,3.234,8202.78,98.0,109.66666666666666
257,40.298,6.336,11298.47,330.0,341.6333333333333
258,34.418,5.968,10084.73,279.0,294.6333333333333
259,28.558,3.644,7485.0,210.0,265.96666666666664
260,29.302,2.156,6757.96,290.0,198.36666666666667
261,32.766,3.812,9410.69,239.0,307.1
262,27.14,5.22,9616.67,203.0,249.33333333333331
263,33.038000000000004,4.326,7041.97,360.0,190.63333333333344
264,17.296,4.45,6273.89,116.0,172.26666666666665
265,24.404,3.128,6744.43,241.0,165.73333333333335
266,30.522,3.362,8891.28,294.0,214.7
267,33.698,2.988,7158.27,301.0,260.6333333333333
268,49.626,3.628,8370.95,513.0,314.1
269,34.414,1.512,5725.9,354.0,219.56666666666672
270,40.582,3.7560000000000002,7907.88,276.0,400.3666666666667
271,30.887999999999998,4.404,7423.68,282.0,232.79999999999995
272,20.182,3.138,5750.06,134.0,202.36666666666667
273,23.814,4.796,7683.76,193.0,203.89999999999998
274,33.698,3.784,7906.82,311.0,250.63333333333333
275,17.658,3.18,6243.21,118.0,176.3
276,27.4,4.676,9298.38,140.0,316.6666666666667
277,21.098,3.82,6734.5,126.0,225.63333333333333
278,27.094,3.432,7691.32,216.0,235.56666666666666
279,27.57,3.906,8142.27,226.0,233.5
280,31.704,5.282,10068.81,295.0,233.39999999999998
281,41.36,6.458,9826.21,342.0,347.33333333333337
282,38.404,4.666,6902.79,463.0,177.06666666666672
283,64.602,5.084,10216.6,514.0,562.7
284,57.418,5.208,10531.95,486.0,470.9666666666667
285,26.754,3.234,7666.94,190.0,255.89999999999998
286,46.522,6.856,8122.43,367.0,408.3666666666667
287,59.03,4.756,9330.51,546.0,437.83333333333337
288,47.484,4.504,8872.12,373.0,418.4
289,68.492,6.648,10113.18,507.0,634.5333333333333
290,55.967999999999996,4.436,7433.24,351.0,581.8
291,34.538000000000004,3.414,5050.16,324.0,251.63333333333344
292,17.386,3.39,9140.05,55.0,234.76666666666665
293,14.344,3.742,7091.65,95.0,144.06666666666666
294,30.524,4.748,6495.49,330.0,178.73333333333335
295,20.918,2.86,6473.41,158.0,190.63333333333333
296,31.696,3.614,7725.79,365.0,163.26666666666665
297,26.573999999999998,3.242,7416.48,145.0,297.8999999999999
298,18.776,1.776,6478.62,77.0,235.93333333333334
299,53.766,6.658,8395.11,334.0,562.1
300,24.434,2.318,7276.68,132.0,275.23333333333335
301,33.856,2.44,7397.63,254.0,310.26666666666665
302,47.7,2.7159999999999997,8861.43,404.0,391.0
303,39.46,4.352,11253.48,295.0,362.66666666666663
304,38.47,5.5,8378.79,329.0,312.16666666666663
305,29.846,2.278,7446.19,164.0,333.43333333333334
306,43.43,3.668,9093.14,305.0,418.83333333333337
307,37.906,2.098,6958.23,321.0,310.76666666666665
308,52.6,4.046,10372.09,544.0,332.66666666666663
309,47.660000000000004,3.356,7466.84,453.0,341.3333333333335
310,53.124,2.894,10098.98,449.0,436.4
311,40.382,3.33,8927.23,335.0,338.0333333333333
312,46.768,3.536,8658.31,377.0,402.4666666666667
313,46.7,2.398,6961.75,304.0,474.33333333333337
314,23.478,1.994,6993.43,87.0,304.3
315,61.476,2.848,10073.58,538.0,486.5999999999999
316,13.448,2.768,8920.58,41.0,183.13333333333333
317,14.478,2.47,9145.7,78.0,163.3
318,14.677999999999999,2.684,9137.41,82.0,162.6333333333333
319,25.318,3.118,7696.5199999999995,225.0,196.96666666666664
320,72.502,7.134,10601.33,559.0,649.3666666666666
321,76.656,4.04,7171.65,430.0,694.1249999999998
322,79.477,6.062,10305.22,645.0,694.1249999999998
323,22.406,3.4979999999999998,6990.43,218.0,155.43333333333334
324,17.802,2.422,7051.08,145.0,151.7
325,22.674,5.534,9872.12,164.0,213.89999999999998
326,13.83,3.43,7969.04,120.0,110.5
327,32.188,3.796,10106.97,354.0,182.4666666666667
328,23.54,2.858,7190.77,204.0,188.33333333333331
329,51.002,4.982,7837.4,335.0,515.0333333333333
330,31.96,2.948,5769.15,210.0,322.66666666666663
331,66.536,3.972,10167.64,548.0,560.9333333333334
332,65.128,3.626,8426.05,516.0,569.4666666666667
333,56.6,4.2,8403.66,505.0,438.33333333333337
334,54.436,3.916,9110.05,366.0,541.2666666666667
335,65.24,2.944,8652.13,587.0,500.33333333333326
336,60.024,3.62,7205.63,514.0,486.4
337,55.998000000000005,5.4719999999999995,8240.52,271.0,662.3000000000001
338,28.994,2.726,6553.21,259.0,224.23333333333335
339,33.65,2.768,7990.33,188.0,372.83333333333337
340,52.196,4.4,10588.59,288.0,581.9333333333333
341,50.192,3.2119999999999997,9437.84,263.0,573.5333333333333
342,49.828,2.69,8200.99,320.0,510.4666666666667
343,34.478,3.004,7480.31,328.0,246.63333333333333
344,38.63,3.02,9449.59,269.0,374.83333333333337
345,55.97,4.296,11334.05,296.0,636.8333333333334
346,71.112,3.8739999999999997,7945.22,651.0,534.2
347,41.774,3.594,9731.89,301.0,395.23333333333335
348,58.864,3.27,10917.89,359.0,622.0666666666667
349,61.492,3.794,8516.09,679.0,345.86666666666656
350,42.652,4.038,8689.2,290.0,420.8666666666667
351,65.342,4.86,10806.51,456.0,633.0333333333333
352,45.256,3.5780000000000003,8675.47,366.0,388.26666666666665
353,15.138,3.816,8650.08,85.0,167.3
354,34.512,5.52,9378.59,350.0,225.20000000000005
355,14.954,5.828,8659.07,71.0,178.23333333333332
356,22.014,4.702,7219.1,222.0,144.89999999999998
357,32.338,2.358,5883.08,304.0,234.9666666666667
358,31.036,3.032,7439.02,349.0,168.26666666666665
359,52.16,3.46,7849.68,451.0,418.33333333333337
360,37.754,1.908,7208.32,340.0,289.23333333333335
361,39.304,2.628,7745.83,227.0,428.0666666666667
362,50.45,3.154,9668.82,236.0,604.8333333333334
363,70.402,5.258,9654.85,714.0,442.36666666666656
364,67.654,5.9399999999999995,8951.9,460.0,667.5666666666666
365,49.296,2.348,7534.12,293.0,528.6
366,69.868,2.646,11376.53,460.0,694.1249999999998
367,63.138,3.174,7501.91,398.0,654.3
368,55.736,3.37,8991.65,338.0,590.9333333333333
369,40.518,1.696,7075.14,428.0,247.29999999999995
370,43.296,2.802,8010.32,315.0,406.6
371,48.076,2.952,7503.25,369.0,432.26666666666665
372,56.65,4.264,7986.0199999999995,362.0,582.1666666666666
373,59.168,3.9,10433.01,370.0,616.1333333333333
374,38.164,2.0700000000000003,6349.29,273.0,363.0666666666667
375,47.114,3.35,5846.13,304.0,481.23333333333335
376,70.56,5.27,9195.41,510.0,666.0
377,79.477,6.976,10648.98,714.0,694.1249999999998
378,60.066,4.36,6743.5,413.0,588.1
379,64.704,5.284,9200.08,559.0,519.3999999999999
380,58.711999999999996,3.962,8419.1,509.0,469.5333333333332
381,70.632,4.33,8917.01,492.0,685.2
382,39.758,4.654,8659.38,199.0,463.6333333333333
383,28.77,2.908,8148.57,103.0,376.5
384,63.294,5.2620000000000005,9171.04,662.0,392.9000000000001
385,12.486,2.814,7718.4400000000005,70.0,138.1
386,45.986,6.94,8908.16,345.0,421.4333333333333
387,31.4,8.080750000000002,10780.5,290.0,233.33333333333337
388,25.416,6.852,9595.2,262.0,161.60000000000002
389,31.644000000000002,4.024,7677.63,355.0,172.4000000000001
390,59.278,6.008,10586.68,656.0,331.9666666666667
391,22.248,2.292,7724.49,115.0,255.8
392,46.954,3.7159999999999997,10218.29,256.0,526.5666666666667
393,66.176,3.272,7176.91,343.0,694.1249999999998
394,46.1,2.174,7942.78,413.0,355.33333333333337
395,58.885999999999996,2.82,7223.65,553.0,428.43333333333317
396,41.544,3.214,7703.69,282.0,410.4
397,34.542,3.0620000000000003,7964.32,188.0,387.70000000000005
398,39.205999999999996,3.048,7722.01,313.0,340.43333333333317
399,64.88,5.066,10036.59,653.0,428.33333333333326
400,28.95,3.178,7220.99,112.0,370.5
401,33.736,2.754,5996.06,217.0,345.26666666666665
402,57.05,2.832,7427.6,451.0,499.83333333333337
403,57.57,3.304,8676.73,428.0,531.5
404,31.45,1.592,5520.33,143.0,381.16666666666663
405,52.476,3.104,8906.69,385.0,489.6
406,71.294,4.598,6948.22,561.0,627.2333333333333
407,47.724,2.292,7001.42,317.0,478.4
408,48.06,1.704,6691.01,288.0,513.0
409,79.477,3.244,10359.81,471.0,694.1249999999998
410,32.998,2.098,7260.41,126.0,423.9666666666667
411,46.504,3.088,7252.18,216.0,559.0666666666667
412,38.885999999999996,2.156,7030.55,347.0,301.0999999999999
413,78.97,7.952,8866.69,693.0,623.1666666666667
414,31.93,3.46,8876.99,255.0,277.16666666666663
415,44.21,4.082,8801.87,357.0,379.83333333333337
416,43.589999999999996,5.704,8698.6,412.0,314.4999999999999
417,24.008,4.968,10703.9,149.0,251.13333333333333
418,24.854,6.354,7163.25,149.0,265.23333333333335
419,10.876000000000001,4.077999999999999,7894.48,88.0,93.26666666666671
420,30.724,4.482,6225.29,322.0,190.06666666666672
421,36.466,4.872,8415.53,239.0,368.76666666666665
422,22.844,3.378,8479.51,84.0,296.73333333333335
423,35.884,3.552,8032.48,271.0,327.0666666666667
424,53.704,3.52,8179.33,331.0,564.0666666666667
425,44.62,3.694,10117.55,306.0,437.66666666666663
426,58.964,2.146,9669.31,467.0,515.7333333333333
427,47.112,3.52,8719.26,261.0,524.2
428,45.688,2.99,9212.38,174.0,587.4666666666667
429,35.814,1.088,7488.27,271.0,325.9
430,50.426,3.7600000000000002,9169.5,208.0,632.4333333333333
431,53.018,3.87,9700.24,388.0,495.6333333333333
432,37.474000000000004,2.77,8431.86,196.0,428.56666666666683
433,39.742,2.794,6991.59,319.0,343.3666666666667
434,49.382,3.004,7909.4,395.0,428.0333333333333
435,38.12,3.286,10584.9,343.0,292.33333333333337
436,15.84,1.944,9827.33,98.0,166.0
437,8.065999999999999,1.096,5502.33,42.0,92.43333333333331
438,23.072,2.77,10545.95,196.0,188.53333333333336
439,12.274000000000001,3.064,9604.38,36.0,168.56666666666666
440,34.14,3.058,9034.29,281.0,288.0
441,31.344,2.25,7537.13,179.0,343.4
442,49.166000000000004,2.91,7650.91,235.0,584.4333333333335
443,28.552,3.2359999999999998,10079.92,88.0,387.8666666666667
444,24.108,2.91,7720.91,188.0,213.8
445,42.374,5.666,10101.23,339.0,367.23333333333335
446,38.696,3.2279999999999998,6318.83,378.0,266.9333333333333
447,29.97,5.714,9824.43,305.0,194.5
448,11.222,4.748,9005.32,75.0,112.03333333333333
449,31.272,5.296,8638.48,263.0,258.20000000000005
450,33.164,3.352,8176.49,265.0,287.73333333333335
451,23.554,3.52,10877.2,65.0,327.56666666666666
452,40.306,2.944,8299.98,225.0,446.76666666666665
453,53.193999999999996,2.4619999999999997,8408.45,425.0,461.5666666666665
454,61.15,5.266,10370.01,548.0,471.16666666666663
455,37.004,3.304,6951.7,187.0,429.73333333333335
456,41.888,4.546,7739.9,309.0,389.1333333333333
457,40.844,4.464,8681.3,377.0,303.73333333333335
458,57.736,3.318,8455.84,623.0,339.26666666666665
459,38.174,4.332,9948.56,240.0,396.23333333333335
460,26.112,2.56,8472.86,178.0,257.2
461,53.92,6.502,10152.95,525.0,373.66666666666663
462,56.966,5.602,8941.43,421.0,528.4333333333333
463,74.588,4.764,8689.81,714.0,508.13333333333344
464,56.896,2.448,8217.56,498.0,450.26666666666665
465,38.216,2.248,7518.61,363.0,273.9333333333333
466,34.076,2.834,8778.64,295.0,272.9333333333333
467,30.416,2.638,7508.29,204.0,302.93333333333334
468,44.116,2.636,6770.22,493.0,242.26666666666665
469,69.268,4.262,8167.37,597.0,557.4666666666667
470,35.86,3.906,6500.54,261.0,336.66666666666663
471,27.326,2.588,7533.43,246.0,209.43333333333334
472,61.998,3.392,8893.79,492.0,541.3
473,48.29,2.316,8609.34,326.0,478.83333333333337
474,45.386,2.7,7949.81,393.0,363.4333333333333
475,56.416,4.214,9875.16,576.0,364.26666666666665
476,36.276,6.25,9174.67,295.0,309.6
477,39.682,3.952,8211.83,432.0,229.36666666666667
478,33.08,5.926,8870.25,334.0,217.33333333333337
479,42.988,7.006,11419.44,324.0,392.4666666666667
480,35.018,5.014,9057.46,357.0,226.63333333333333
481,55.926,5.85,10326.98,450.0,482.1
482,34.518,3.136,8917.98,188.0,387.29999999999995
483,26.372,2.784,7579.05,154.0,285.53333333333336
484,58.102000000000004,4.18,9377.59,635.0,333.3666666666668
485,32.938,2.27,7533.03,170.0,378.9666666666667
486,32.6,4.614,6751.16,285.0,258.33333333333337
487,39.756,2.52,9438.45,363.0,299.6
488,41.644,4.43,9655.3,308.0,386.0666666666667
489,34.468,3.452,8185.82,309.0,265.4666666666667
490,62.078,5.53,8920.539999999999,591.0,443.63333333333344
491,33.272,2.96,6027.32,301.0,253.5333333333333
492,25.242,3.902,7265.25,205.0,215.7
493,41.936,4.404,8664.67,415.0,283.9333333333333
494,34.58,3.834,8447.63,337.0,239.33333333333337
495,23.796,4.374,8658.16,155.0,241.60000000000002
496,35.19,3.732,8187.76,350.0,236.5
497,17.042,3.432,6507.91,107.0,177.03333333333336
498,17.446,2.786,6019.0,128.0,162.76666666666665
499,19.28,5.194,8914.61,105.0,216.33333333333331
500,43.97,5.442,9885.96,342.0,390.83333333333337
501,17.974,4.706,8263.34,116.0,183.56666666666666
502,62.372,3.338,9053.99,537.0,502.5333333333333
503,57.134,3.776,8206.59,511.0,441.23333333333335
504,41.864,2.942,7964.94,310.0,387.73333333333335
505,55.724000000000004,4.298,8147.45,591.0,337.73333333333346
506,39.582,4.914,9870.05,324.0,335.70000000000005
507,17.63,2.46,8219.35,164.0,129.83333333333331
508,29.974,6.34,7684.71,366.0,133.56666666666666
509,12.778,4.594,8620.41,106.0,106.96666666666667
510,21.812,3.244,6704.02,203.0,160.53333333333336
511,32.058,3.446,8675.6,201.0,333.29999999999995
512,76.042,6.516,8152.42,647.0,620.3666666666666
513,51.044,3.282,10718.19,231.0,619.7333333333333
514,33.903999999999996,6.574,8886.57,227.0,338.0666666666667
515,37.586,5.556,7932.37,373.0,253.43333333333328
516,33.646,6.372,10356.3,251.0,309.76666666666665
517,23.864,3.178,6237.67,145.0,252.73333333333335
518,61.784,8.080750000000002,10301.23,623.0,406.73333333333335
519,46.51,6.39,8375.13,453.0,322.16666666666663
520,21.74,3.448,8412.53,211.0,151.33333333333331
521,40.802,5.122,9644.09,441.0,239.0333333333333
522,31.25,4.894,9636.72,309.0,211.83333333333337
523,16.888,3.122,7420.64,117.0,164.46666666666664
524,23.852,2.936,5986.96,259.0,138.53333333333336
525,42.268,6.286,7441.05,341.0,363.4666666666667
526,38.552,7.184,7946.07,303.0,339.5333333333333
527,26.144,4.86,6483.21,247.0,188.73333333333335
528,56.51,6.51,9808.14,586.0,355.83333333333337
529,27.544,5.734,8945.66,227.0,232.06666666666666
530,26.032,4.898,8102.42,202.0,231.86666666666667
531,33.744,3.908,8677.69,358.0,204.39999999999998
532,59.464,8.080750000000002,9623.4,616.0,375.0666666666667
533,65.256,3.482,11724.16,374.0,694.1249999999998
534,31.7,1.5,5749.9,227.0,301.33333333333337
535,45.658,2.108,6962.55,112.0,648.9666666666667
536,70.15,6.266,10097.57,553.0,616.1666666666667
537,26.81,3.746,6010.7699999999995,310.0,136.83333333333331
538,20.526,2.98,6479.18,172.0,170.10000000000002
539,37.346000000000004,4.756,7712.34,302.0,320.4333333333333
540,6.546,3.86,9143.53,47.0,62.099999999999994
541,66.812,7.824,10032.52,714.0,249.5333333333333
542,43.704,3.044,8587.9,352.0,376.4
543,43.762,4.332,8168.79,230.0,499.3666666666667
544,57.466,5.798,8439.97,487.0,470.76666666666665
545,37.958,5.248,8122.35,439.0,193.63333333333333
546,26.134,5.942,6233.13,267.0,168.56666666666666
547,62.635999999999996,8.080750000000002,9577.89,611.0,432.93333333333317
548,43.94,6.194,9847.37,483.0,249.33333333333337
549,25.496,4.814,7927.35,253.0,171.93333333333334
550,30.792,4.268,7177.56,374.0,139.20000000000005
551,33.660000000000004,3.488,8148.86,360.0,201.0000000000001
552,30.982,3.972,8415.48,359.0,157.36666666666667
553,46.412,5.338,7661.01,534.0,239.5333333333333
554,41.778,8.080750000000002,8594.16,400.0,296.29999999999995
555,36.036,4.51,9060.210000000001,409.0,191.60000000000002
556,55.928,6.7700000000000005,10698.67,646.0,286.1333333333333
557,39.488,8.080750000000002,9077.72,360.0,298.1333333333333
558,32.114,6.596,10280.84,323.0,212.23333333333323
559,38.318,6.086,8608.12,358.0,280.6333333333333
560,30.887999999999998,5.58,7637.54,289.0,225.79999999999995
561,11.879999999999999,2.726,7212.86,70.0,127.99999999999997
562,18.412,3.73,7440.68,172.0,134.86666666666667
563,30.238,2.366,6012.04,258.0,245.96666666666664
564,29.35,2.598,9413.1,178.0,311.1666666666667
565,73.748,5.062,11523.44,564.0,665.1333333333334
566,43.964,3.034,7997.02,472.0,260.73333333333335
567,25.35,5.552,9896.77,150.0,272.5
568,41.488,4.388,6943.54,442.0,249.4666666666667
569,29.16,5.934,9849.29,253.0,233.0
570,7.504,5.24,8862.53,50.0,75.06666666666666
571,30.534,3.004,6972.51,320.0,188.89999999999998
572,40.77,5.246,8852.44,294.0,385.5
573,45.484,3.0060000000000002,9835.49,398.0,360.0666666666667
574,79.477,5.788,11632.88,689.0,683.9333333333334
575,31.532,3.666,7687.3,301.0,224.5333333333333
576,29.7,6.076,9383.91,264.0,231.0
577,29.099999999999998,3.774,7905.05,281.0,203.99999999999994
578,17.324,3.242,6497.89,156.0,132.73333333333335
579,30.882,5.118,9360.87,245.0,269.70000000000005
580,28.026,4.8420000000000005,8624.62,203.0,264.1
581,36.452,4.268,7639.63,455.0,152.5333333333333
582,14.88,3.4979999999999998,7435.18,120.0,128.0
583,32.938,6.226,10313.63,329.0,219.9666666666667
584,14.76,3.9779999999999998,8149.69,72.0,174.0
585,14.066,2.49,6731.59,136.0,98.43333333333334
586,25.286,3.852,7910.32,254.0,167.43333333333334
587,22.186,4.774,8603.82,222.0,147.76666666666665
588,19.582,5.7379999999999995,9125.83,162.0,164.36666666666667
589,35.68,7.268,9777.35,294.0,300.66666666666663
590,26.336,6.718,11062.13,220.0,218.93333333333334
591,21.418,3.988,8171.49,109.0,247.96666666666664
592,23.404,5.17,6949.04,112.0,278.06666666666666
593,32.422,4.962,7424.64,288.0,252.36666666666656
594,49.762,3.726,8891.38,372.0,457.3666666666667
595,59.300000000000004,3.576,9609.13,411.0,577.3333333333335
596,51.62,5.904,9432.24,312.0,548.3333333333334
597,60.91,5.154,7251.86,714.0,295.16666666666663
598,38.812,3.916,7686.3099999999995,312.0,334.8666666666667
599,39.986,3.72,7429.67,440.0,226.43333333333328
600,27.578,5.606,8868.58,216.0,243.63333333333333
601,9.586,5.274,10284.12,96.0,63.76666666666668
602,26.994,4.228,9178.64,278.0,171.89999999999998
603,42.528,2.198,7684.68,469.0,239.79999999999995
604,30.778000000000002,2.112,6455.35,182.0,330.9666666666667
605,43.964,2.802,7565.59,357.0,375.73333333333335
606,7.758,5.84,8904.92,45.0,84.30000000000001
607,6.434,4.574,8920.19,37.0,70.23333333333333
608,7.4559999999999995,4.328,7945.4,68.0,56.26666666666665
609,7.284,4.938,9433.68,53.0,68.4
610,6.986,4.436,7957.32,57.0,59.43333333333334
611,7.888,5.822,10620.09,49.0,82.46666666666667
612,4.782,2.78,7228.97,36.0,43.7
613,6.03,4.138,8947.67,45.0,55.5
614,6.734,4.482,8406.82,47.0,65.23333333333333
615,5.774,3.564,7707.84,46.0,50.233333333333334
616,6.016,3.566,7512.07,53.0,47.266666666666666
617,7.212,5.038,9906.31,59.0,61.2
618,7.704,5.336,11106.41,59.0,69.4
619,5.964,4.114,8196.17,49.0,50.400000000000006
620,7.694,4.702,10116.12,59.0,69.23333333333332
621,5.78,4.6739999999999995,8189.18,34.0,62.33333333333333
622,7.038,4.758,10338.15,47.0,70.3
623,7.274,5.402,9384.47,52.0,69.23333333333333
624,40.596,6.184,10308.66,435.0,241.60000000000002
625,55.638,3.7520000000000002,11847.86,392.0,535.3
626,63.64,3.522,8944.26,484.0,576.6666666666667
627,36.062,3.416,6988.7,285.0,316.0333333333333
628,27.451999999999998,3.564,7990.54,238.0,219.53333333333336
629,32.102000000000004,5.246,6988.59,236.0,299.0333333333334
630,16.604,2.9739999999999998,4792.09,143.0,133.73333333333335
631,20.146,3.794,6979.78,180.0,155.76666666666665
632,8.654,4.468,8430.57,50.0,94.23333333333332
633,38.586,4.732,9574.25,313.0,330.1
634,47.302,4.34,8865.26,322.0,466.3666666666667
635,46.826,3.738,8383.380000000001,361.0,419.4333333333333
636,44.954,3.052,8272.34,341.0,408.23333333333335
637,41.792,5.2379999999999995,7443.03,532.0,164.5333333333333
638,39.832,4.5120000000000005,9121.22,335.0,328.8666666666667
639,34.194,3.054,7208.32,221.0,348.9
640,37.902,6.244,10619.48,293.0,338.70000000000005
641,37.018,5.412,9381.98,363.0,253.9666666666667
642,41.24,4.598,7439.68,349.0,338.33333333333337
643,39.084,4.71,7688.57,351.0,300.4
644,44.958,5.026,11075.65,416.0,333.29999999999995
645,40.382,5.734,8414.78,424.0,249.0333333333333
646,33.57,2.596,8159.83,289.0,270.5
647,33.862,4.426,8881.43,282.0,282.3666666666667
648,44.77,3.456,9849.77,429.0,317.16666666666663
649,27.312,3.864,9126.83,285.0,170.2
650,35.558,7.212,9860.85,239.0,353.6333333333333
651,56.598,7.426,7682.18,419.0,524.3
652,25.439999999999998,3.602,6251.82,168.0,255.99999999999994
653,38.382,4.848,9117.25,263.0,376.70000000000005
654,32.344,4.41,8660.86,199.0,340.0666666666667
655,40.658,2.686,8216.08,258.0,419.6333333333333
656,72.484,5.314,11602.19,549.0,659.0666666666666
657,29.452,2.48,6290.08,224.0,266.8666666666667
658,23.958,3.508,7508.27,179.0,220.3
659,39.484,6.704,6725.3,442.0,216.06666666666672
660,27.15,5.2940000000000005,8652.97,269.0,183.5
661,19.248,3.624,6005.69,173.0,147.8
662,9.09,4.34,8403.25,64.0,87.5
663,28.220000000000002,4.184,7424.87,242.0,228.33333333333337
664,45.826,3.358,9108.87,416.0,347.76666666666665
665,53.244,3.682,10331.76,329.0,558.4
666,43.044,2.808,7078.54,340.0,377.4
667,46.828,4.062,10330.49,350.0,430.4666666666667
668,14.268,2.824,4802.84,72.0,165.8
669,39.744,3.2720000000000002,6700.24,319.0,343.4
670,49.734,3.976,9789.69,299.0,529.9
671,37.018,3.204,7937.34,274.0,342.9666666666667
672,43.148,3.076,7668.21,308.0,411.1333333333333
673,28.822,3.69,5527.63,181.0,299.3666666666667
674,54.300000000000004,3.13,8396.56,492.0,413.0000000000001
675,62.042,4.384,9110.14,488.0,546.0333333333333
676,49.642,3.8000000000000003,9628.37,356.0,471.3666666666667
677,57.976,4.244,9115.76,370.0,596.2666666666667
678,35.47,2.12,7721.17,333.0,258.16666666666663
679,40.468,2.72,8891.37,381.0,293.4666666666667
680,12.496,3.256,8718.75,53.0,155.26666666666668
681,12.15,2.848,7502.97,61.0,141.5
682,26.578,3.292,7236.66,95.0,347.96666666666664
683,29.936,3.0580000000000003,7018.53,63.0,435.93333333333334
684,27.137999999999998,3.318,9464.73,25.0,427.29999999999995
685,28.826,2.814,7730.46,261.0,219.43333333333334
686,52.406,2.32,9376.17,324.0,549.4333333333333
687,54.762,3.424,12038.001250000001,281.0,631.7
688,63.461999999999996,4.436,9866.76,537.0,520.6999999999998
689,27.834,2.044,6030.59,256.0,207.89999999999998
690,47.342,8.012,10098.99,262.0,527.0333333333333
691,23.306,5.7219999999999995,10794.45,193.0,195.43333333333334
692,26.684,5.088,8163.2,203.0,241.73333333333335
693,7.7620000000000005,3.218,6256.84,53.0,76.36666666666667
694,23.154,4.892,7652.55,182.0,203.89999999999998
695,39.686,3.99,7647.17,310.0,351.4333333333333
696,79.477,5.094,12038.001250000001,714.0,694.1249999999998
697,42.956,3.518,9751.95,249.0,466.9333333333333
698,38.775999999999996,3.826,11087.31,209.0,437.26666666666654
699,40.932,3.14,9169.54,339.0,343.20000000000005
700,64.316,3.892,8596.67,454.0,617.9333333333334
701,74.984,5.2139999999999995,10330.03,482.0,694.1249999999998
702,28.85,2.424,6018.05,167.0,313.8333333333333
703,53.208,3.826,11314.8,365.0,521.8
704,51.592,4.994,9388.22,378.0,481.8666666666667
705,42.434,2.6999999999999997,9875.69,267.0,440.23333333333335
706,31.63,3.2359999999999998,9132.81,234.0,293.16666666666663
707,32.897999999999996,2.52,7203.13,156.0,392.29999999999984
708,79.477,5.558,8836.88,639.0,694.1249999999998
709,79.477,4.478,11036.25,445.0,694.1249999999998
710,51.624,3.082,7726.74,200.0,660.4
711,46.234,3.58,12038.001250000001,410.0,360.5666666666667
712,60.0,3.374,8934.76,412.0,588.0
713,36.476,2.148,6550.41,239.0,368.9333333333333
714,63.412,4.086,8700.99,466.0,590.8666666666666
715,47.196,3.286,7024.94,320.0,466.6
716,52.86,4.046,6213.37,355.0,526.0
717,42.704,3.086,9117.56,298.0,413.73333333333335
718,45.546,1.742,6494.61,345.0,414.1
719,62.416,8.080750000000002,8907.44,546.0,494.26666666666665
720,35.206,6.646,9172.710000000001,347.0,239.76666666666665
721,25.806,4.098,7435.13,235.0,195.10000000000002
722,19.522,4.714,6248.01,191.0,134.36666666666667
723,10.364,6.058,10327.13,90.0,82.73333333333332
724,46.794,6.306,12038.001250000001,377.0,402.9
725,42.654,4.458,9138.43,311.0,399.9
726,39.5,3.554,6503.5,262.0,396.33333333333337
727,33.682,3.684,8287.69,203.0,358.3666666666667
728,34.842,2.11,6747.18,236.0,344.70000000000005
729,44.61,4.37,8464.08,198.0,545.5
730,33.912,2.528,8783.97,222.0,343.20000000000005
731,61.577999999999996,3.68,11215.89,426.0,600.3
732,65.714,3.094,10443.210000000001,455.0,640.2333333333333
733,33.054,2.298,8509.94,252.0,298.9
734,35.168,2.604,6761.34,346.0,240.13333333333333
735,41.684,3.218,7545.79,412.0,282.73333333333335
736,68.56,3.634,8693.46,606.0,536.6666666666667
737,48.132,3.036,7753.46,316.0,486.20000000000005
738,37.458,3.762,8963.58,302.0,322.29999999999995
739,28.772,2.982,8771.72,230.0,249.53333333333336
740,23.154,2.522,7526.69,99.0,286.9
741,20.488,1.898,5856.59,152.0,189.46666666666664
742,79.477,3.124,9709.53,419.0,694.1249999999998
743,39.44,2.658,7583.7,182.0,475.33333333333337
744,10.666,2.07,7604.58,41.0,136.76666666666668
745,24.112000000000002,2.726,8081.6,141.0,260.86666666666673
746,31.116,1.75,5581.58,274.0,244.60000000000002
747,34.596000000000004,1.596,6779.11,215.0,361.6
748,42.512,3.278,6332.05,242.0,466.5333333333333
749,36.698,3.47,6536.4,325.0,286.6333333333333
750,59.474000000000004,3.816,11169.04,495.0,496.23333333333346
751,25.752,3.674,6253.96,202.0,227.2
752,39.354,6.062,9158.31,423.0,232.89999999999998
753,34.256,8.080750000000002,8708.18,303.0,267.9333333333333
754,11.058,4.686,6055.53,109.0,75.30000000000001
755,22.678,5.4559999999999995,9406.29,161.0,216.96666666666664
756,28.09,4.092,7234.49,222.0,246.16666666666669
757,45.222,5.448,8185.7,369.0,384.70000000000005
758,28.328,1.518,6076.0,146.0,326.1333333333333
759,54.762,3.826,8574.09,420.0,492.70000000000005
760,38.324,2.102,7581.83,298.0,340.73333333333335
761,30.47,2.266,7778.81,266.0,241.83333333333331
762,42.368,2.656,7280.67,299.0,407.1333333333333
763,73.2,3.422,8463.59,388.0,694.1249999999998
764,79.477,6.014,9222.15,575.0,694.1249999999998
765,59.246,3.482,10683.91,435.0,552.4333333333333
766,45.682,3.5,9731.56,330.0,431.3666666666667
767,36.822,3.656,9043.55,258.0,355.70000000000005
768,28.382,2.268,7567.95,168.0,305.03333333333336
769,55.484,2.54,8720.98,331.0,593.7333333333333
770,46.004,3.734,7067.63,423.0,343.73333333333335
771,79.477,4.102,9446.22,688.0,694.1249999999998
772,45.288,3.5540000000000003,8286.26,285.0,469.79999999999995
773,34.016,1.97,7308.6900000000005,238.0,328.9333333333333
774,49.396,2.348,7057.44,405.0,418.26666666666665
775,25.338,1.54,6325.22,93.0,329.3
776,47.432,3.056,8065.09,335.0,455.5333333333333
777,71.766,5.432,6782.17,663.0,533.0999999999999
778,54.786,5.248,7784.0,483.0,430.1
779,30.76,2.222,7356.83,206.0,306.66666666666663
780,40.98,3.7119999999999997,8240.07,300.0,383.0
781,33.698,2.594,8247.72,298.0,263.6333333333333
782,41.044,4.988,10159.43,367.0,317.0666666666667
783,23.364,6.248,6998.81,143.0,246.39999999999998
784,40.525999999999996,8.080750000000002,12038.001250000001,319.0,356.43333333333317
785,8.942,3.68,6740.53,72.0,77.03333333333333
786,14.824,3.754,7023.29,80.0,167.06666666666666
787,24.712,5.77,10125.81,161.0,250.86666666666667
788,37.734,4.26,8685.24,214.0,414.9
789,79.477,5.99,11124.35,714.0,567.5999999999999
790,43.6,3.764,9423.18,349.0,377.66666666666663
791,42.94,2.404,7260.96,446.0,269.66666666666663
792,35.624,1.988,8230.17,208.0,385.73333333333335
793,29.324,2.014,6523.89,180.0,308.73333333333335
794,20.94,2.212,6774.67,146.0,203.0
795,18.598,2.61,7997.53,113.0,196.96666666666664
796,12.974,2.448,7474.18,23.0,193.23333333333332
797,51.474,4.046,9875.8,252.0,605.9
798,29.936,3.412,8436.5,176.0,322.93333333333334
799,49.11,3.482,7490.03,442.0,376.5
800,79.477,5.664,12038.001250000001,579.0,694.1249999999998
801,56.166,4.95,10836.89,559.0,377.1
802,33.18,3.222,9417.39,185.0,368.0
803,33.972,3.206,8665.79,232.0,334.20000000000005
804,41.89,4.03,6764.6900000000005,370.0,328.16666666666663
805,44.994,5.426,9713.99,420.0,329.9
806,30.988,3.252,7323.77,248.0,268.4666666666667
807,40.118,2.094,6823.6,388.0,280.6333333333333
808,61.732,4.65,12038.001250000001,488.0,540.8666666666666
809,27.162,2.162,6039.75,216.0,236.7
810,32.25,5.274,8949.65,246.0,291.5
811,29.998,5.146,7914.0,284.0,215.96666666666664
812,16.626,5.706,8222.9,157.0,120.10000000000002
813,11.042,2.988,7021.11,115.0,69.03333333333333
814,21.118,4.582,7753.79,147.0,204.96666666666664
815,34.058,4.178,6248.12,444.0,123.63333333333333
816,76.09,7.466,10599.6,440.0,694.1249999999998
817,32.308,2.504,9512.86,252.0,286.4666666666667
818,30.494,2.866,8273.23,246.0,262.23333333333335
819,47.176,2.81,6291.07,458.0,328.26666666666665
820,53.126,3.362,8945.05,440.0,445.4333333333333
821,29.634,3.1959999999999997,9474.59,205.0,288.9
822,36.652,4.036,7267.49,366.0,244.86666666666667
823,30.318,2.424,6782.87,326.0,179.3
824,19.444,1.606,5580.66,179.0,145.06666666666666
825,26.82,3.006,7785.87,224.0,223.0
826,41.647999999999996,5.114,6292.67,404.0,290.1333333333332
827,44.962,3.008,7960.86,380.0,369.3666666666667
828,30.328,2.294,7500.95,150.0,355.46666666666664
829,42.168,3.432,9470.9,325.0,377.79999999999995
830,32.864,3.724,6313.02,308.0,239.73333333333335
831,24.758,2.784,7300.02,150.0,262.6333333333333
832,43.608,3.81,8993.32,291.0,435.79999999999995
833,55.07,7.952,8226.14,448.0,469.83333333333337
834,55.932,3.426,8960.97,395.0,537.2
835,41.828,3.326,8713.12,365.0,332.1333333333333
836,38.9,3.71,8255.63,336.0,312.33333333333337
837,67.732,4.552,10024.53,415.0,694.1249999999998
838,60.956,4.892,9067.08,637.0,378.9333333333333
839,46.054,3.5700000000000003,7261.96,388.0,379.5666666666667
840,43.868,4.498,7490.37,461.0,270.1333333333333
841,45.548,2.778,8199.52,421.0,338.1333333333333
842,26.258,2.466,6493.86,204.0,233.63333333333333
843,28.756,8.080750000000002,8194.76,260.0,219.26666666666665
844,10.988,5.43,8237.31,83.0,100.13333333333333
845,23.332,4.394,8699.96,185.0,203.86666666666667
846,37.96,5.838,8662.76,331.0,301.66666666666663
847,26.582,2.562,6057.23,258.0,185.03333333333336
848,54.968,3.734,9231.08,375.0,541.1333333333333
849,34.252,3.058,7249.1,310.0,260.8666666666667
850,38.744,3.936,9684.5,324.0,321.73333333333335
851,19.128,4.568,7977.28,66.0,252.8
852,47.238,5.414,9605.23,387.0,400.29999999999995
853,45.06,4.332,7972.74,306.0,445.0
854,23.652,1.754,6018.11,189.0,205.2
855,30.906,4.006,8982.83,257.0,258.1
856,28.368,3.88,7273.63,224.0,248.8
857,34.342,5.03,7698.24,159.0,413.3666666666667
858,30.108,4.376,8691.14,288.0,213.8
859,35.644,5.386,8450.71,266.0,328.0666666666667
860,36.02,5.04,9677.07,319.0,281.33333333333337
861,54.339999999999996,5.364,8885.53,581.0,324.6666666666665
862,49.614,6.098,8684.9,461.0,365.9
863,26.022,2.436,6262.85,145.0,288.7
864,21.852,2.588,6301.63,166.0,198.2
865,43.598,4.566,7770.08,363.0,363.6333333333333
866,66.02,3.91,10150.56,678.0,422.33333333333326
867,36.034,2.73,7326.35,191.0,409.5666666666667
868,40.32,2.998,8289.74,354.0,318.0
869,42.434,2.948,8167.98,289.0,418.23333333333335
870,33.524,5.306,7268.76,282.0,276.73333333333335
871,37.544,3.076,6731.29,386.0,239.73333333333335
872,33.518,4.494,9111.99,306.0,252.63333333333333
873,30.746,6.3,5782.8099999999995,340.0,172.43333333333328
874,17.384,4.966,9936.98,176.0,113.73333333333335
875,37.47,7.274,8421.93,374.0,250.5
876,25.93,3.104,7235.08,179.0,253.16666666666669
877,32.211999999999996,2.382,5541.17,256.0,280.86666666666656
878,64.912,7.62,10394.33,500.0,581.8666666666668
879,24.204,3.89,7933.7300000000005,172.0,231.39999999999998
880,58.778,3.832,9108.36,622.0,357.6333333333333
881,34.824,4.0,10633.22,326.0,254.39999999999998
882,62.193999999999996,4.856,10062.26,589.0,447.5666666666666
883,27.996,4.49,6986.43,224.0,242.60000000000002
884,38.586,4.922,10357.33,297.0,346.1
885,37.282,4.368,8913.35,278.0,343.3666666666667
886,28.546,4.056,7712.23,292.0,183.76666666666665
887,35.136,4.046,7704.59,334.0,251.60000000000002
888,12.61,3.786,6062.2,80.0,130.16666666666666
889,34.326,4.196,7684.71,331.0,241.10000000000002
890,20.04,2.886,6776.1,177.0,157.0
891,41.662,4.274,10263.77,327.0,367.3666666666667
892,40.29,3.236,9278.44,351.0,320.5
893,33.53,2.584,7873.71,298.0,260.83333333333337
894,37.252,3.04,9122.06,370.0,250.86666666666667
895,27.732,4.054,8463.83,255.0,207.2
896,30.33,4.614,8704.45,187.0,318.5
897,20.796,5.838,9207.55,190.0,156.60000000000002
898,54.8,3.414,11752.49,447.0,466.33333333333337
899,51.9,2.23,7770.65,413.0,452.0
900,39.112,3.344,7434.01,325.0,326.8666666666667
901,33.032,2.702,7533.1,227.0,323.5333333333333
902,49.476,5.038,11073.92,506.0,318.6
903,30.282,5.156,6968.88,295.0,209.7
904,19.146,5.102,8697.65,168.0,151.10000000000002
905,10.114,4.46,6513.91,92.0,76.56666666666666
906,34.884,7.3,11600.03,283.0,298.4
907,25.254,2.944,8694.89,111.0,309.9
908,35.17,3.844,8969.4,271.0,315.16666666666663
909,79.477,8.080750000000002,11090.06,714.0,653.3
910,1.21,0.404,4511.55125,8.0,12.166666666666668
911,0.0,0.24275000000000002,4511.55125,0.0,0.0
912,13.898,4.268,5056.97,76.0,155.63333333333333
913,24.582,3.44,6014.99,281.0,128.7
914,33.3,6.34,11099.04,272.0,283.0
915,21.906,3.644,8193.94,225.0,140.10000000000002
916,21.73,3.108,7497.29,160.0,202.16666666666669
917,21.788,2.664,6048.98,212.0,151.13333333333333
918,16.68,3.642,9651.37,138.0,140.0
919,11.668000000000001,2.468,7491.36,115.0,79.4666666666667
920,30.125999999999998,3.536,7228.3,306.0,196.09999999999997
921,38.108,4.216,7689.9,484.0,151.13333333333333
922,14.778,4.268,6770.13,121.0,125.30000000000001
923,31.096,5.632,6966.81,278.0,240.26666666666665
924,69.092,8.080750000000002,11104.1,714.0,318.5333333333333
925,21.68,6.126,7011.84,171.0,190.33333333333331
926,24.034,5.592,9432.84,187.0,213.56666666666666
927,20.392,5.308,7027.3,133.0,206.86666666666667
928,59.704,3.996,8597.18,429.0,566.0666666666667
929,79.477,4.814,10446.24,714.0,678.2333333333333
930,38.688,3.858,7518.58,300.0,344.79999999999995
931,33.28,4.708,8959.39,252.0,302.66666666666663
932,28.316,3.88,7705.68,272.0,199.93333333333334
933,16.008,2.42,5296.21,152.0,114.80000000000001
934,25.136,6.2940000000000005,9664.81,234.0,184.93333333333334
935,12.299999999999999,4.298,7233.94,114.0,90.99999999999997
936,32.384,5.522,8197.66,274.0,265.73333333333335
937,54.774,4.398,9379.23,460.0,452.9
938,41.897999999999996,5.798,10658.28,261.0,437.29999999999984
939,45.55,5.542,8960.77,325.0,434.16666666666663
940,8.876,4.282,7029.2,61.0,86.93333333333334
941,19.688,5.336,7031.64,213.0,115.13333333333333
942,14.228,4.556,8473.78,140.0,97.13333333333333
943,17.312,7.2780000000000005,9428.52,167.0,121.53333333333336
944,17.978,4.894,8220.91,193.0,106.63333333333333
945,23.29,4.676,7981.08,158.0,230.16666666666669
946,36.35,6.276,9444.93,217.0,388.83333333333337
947,16.088,4.626,7740.14,181.0,87.13333333333338
948,22.618,7.486,8238.55,243.0,133.96666666666664
949,16.322,6.342,8225.47,98.0,174.03333333333336
950,26.451999999999998,7.57,10165.08,219.0,221.86666666666667
951,12.99,3.696,7495.72,120.0,96.5
952,11.858,6.464,9916.39,73.0,124.63333333333333
953,11.398,4.546,7517.89,108.0,81.96666666666667
954,10.304,7.432,8470.62,77.0,94.73333333333332
955,23.0,4.872,7750.67,256.0,127.33333333333331
956,27.108,4.548,7971.53,336.0,115.80000000000001
957,23.332,5.44,9203.04,166.0,222.86666666666667
958,22.580000000000002,6.412,8949.73,200.0,176.33333333333337
959,51.146,5.342,8550.73,404.0,448.4333333333333
960,79.477,3.206,12038.001250000001,714.0,514.2
961,74.01,6.148,10644.05,714.0,361.5
962,32.326,4.156,7520.54,248.0,290.76666666666665
963,35.63,2.716,7003.94,354.0,239.83333333333337
964,36.842,3.638,10570.13,298.0,316.0333333333333
965,24.742,4.628,7246.18,282.0,130.36666666666667
966,11.4,4.37,7738.33,109.0,81.0
967,21.662,5.348,7969.89,161.0,200.03333333333336
968,36.276,5.02,8925.59,326.0,278.6
969,66.866,6.316,7783.46,565.0,549.4333333333334
970,41.79,4.376,8050.89,322.0,374.5
971,32.586,3.7640000000000002,4571.84,397.0,146.10000000000002
972,19.0,5.178,8926.68,145.0,171.66666666666669
973,44.838,8.080750000000002,11335.76,458.0,289.29999999999995
974,29.64,8.080750000000002,9156.19,172.0,322.0
975,9.782,4.368,6516.82,48.0,115.03333333333333
976,20.786,4.184,6011.63,203.0,143.43333333333334
977,13.82,5.6579999999999995,6534.13,109.0,121.33333333333334
978,13.950000000000001,4.516,6017.85,142.0,90.50000000000003
979,21.956,6.968,7453.25,202.0,163.93333333333334
980,33.936,8.080750000000002,10861.82,277.0,288.6
981,18.28,6.454,6770.98,118.0,186.66666666666669
982,26.75,7.094,8203.83,254.0,191.83333333333331
983,12.156,4.03,5804.72,108.0,94.6
984,20.058,5.178,8707.1,194.0,140.3
985,19.288,6.506,7723.93,162.0,159.46666666666664
986,26.924,6.208,7929.7300000000005,310.0,138.73333333333335
987,30.59,5.462,6746.73,301.0,208.83333333333331
988,42.378,5.5600000000000005,7957.39,387.0,319.29999999999995
989,43.554,6.996,10260.99,389.0,336.9
990,37.482,3.4859999999999998,7851.33,246.0,378.70000000000005
991,56.104,3.592,9709.25,397.0,538.0666666666667
992,27.916,1.852,4601.16,190.0,275.26666666666665
993,43.238,4.294,8736.24,261.0,459.6333333333333
994,18.844,3.2720000000000002,6297.91,123.0,191.06666666666666
995,27.224,2.3,6510.57,276.0,177.73333333333335
996,24.724,6.162,9943.64,175.0,237.06666666666666
997,22.038,6.236,7731.39,210.0,157.3
998,45.316,6.584,11590.55,496.0,259.26666666666665
999,22.89,2.924,6017.43,189.0,192.5
1000,22.25,3.8,7803.66,158.0,212.83333333333331
1001,43.844,5.194,7754.92,310.0,420.73333333333335
1002,36.458,6.652,9158.11,359.0,248.63333333333333
1003,35.368,4.656,7718.57,282.0,307.4666666666667
1004,31.736,4.558,10592.81,265.0,263.9333333333333
1005,23.08,3.4219999999999997,6754.98,242.0,142.66666666666669
1006,32.76,4.812,9666.43,238.0,307.9999999999999
1007,35.646,4.174,8425.16,396.0,198.10000000000002
1008,49.394,6.664,7440.37,429.0,394.23333333333335
1009,40.39,6.6899999999999995,7974.5,326.0,347.16666666666663
1010,28.048,4.058,7955.48,222.0,245.46666666666664
1011,35.172,6.12,9423.8,296.0,290.20000000000005
1012,51.004,5.2299999999999995,8392.19,542.0,308.0666666666667
1013,37.578,5.794,9150.15,325.0,301.29999999999995
1014,27.424,3.344,7718.49,310.0,147.06666666666666
1015,39.376,7.364,8440.12,431.0,225.26666666666665
1016,25.258,4.396,6767.58,270.0,150.96666666666664
1017,20.076,2.682,5314.93,211.0,123.60000000000002
1018,29.234,4.5,7697.84,211.0,276.23333333333335
1019,26.808,3.528,6283.41,276.0,170.8
1020,54.53,4.082,7048.67,512.0,396.83333333333337
1021,42.096000000000004,1.8559999999999999,9238.32,265.0,436.6
1022,31.996000000000002,2.0220000000000002,6299.39,251.0,282.26666666666677
1023,49.038,4.798,10185.51,538.0,279.29999999999995
1024,44.258,5.934,9900.66,339.0,398.6333333333333
1025,33.46,3.294,6732.74,344.0,213.66666666666663
1026,24.91,4.516,8000.34,207.0,208.16666666666669
1027,40.474000000000004,8.080750000000002,10355.15,411.0,263.56666666666683
1028,36.946,5.806,9863.94,220.0,395.76666666666665
1029,44.778,7.734,9377.49,415.0,331.29999999999995
1030,35.632,4.072,7534.77,250.0,343.8666666666667
1031,61.83,7.018,10637.210000000001,585.0,445.5
1032,29.04,3.886,6231.77,204.0,280.0
1033,40.63,4.5200000000000005,8382.57,353.0,324.16666666666663
1034,53.574,4.772,9614.52,428.0,464.9
1035,41.544,4.752,8145.65,284.0,408.4
1036,76.396,7.458,11272.72,714.0,494.26666666666665
1037,40.322,3.5420000000000003,8898.64,233.0,439.0333333333333
1038,28.368,2.59,6770.41,184.0,288.8
1039,57.502,5.108,11403.0,384.0,574.3666666666667
1040,47.026,5.93,10452.08,376.0,407.76666666666665
1041,29.45,2.416,8485.83,266.0,224.83333333333331
1042,54.672,6.7059999999999995,9139.08,504.0,407.20000000000005
1043,48.298,4.076,7930.94,424.0,380.9666666666667
1044,70.736,6.232,10304.16,624.0,554.9333333333334
1045,25.064,3.61,7488.49,115.0,302.73333333333335
1046,32.922,3.992,8926.85,324.0,224.70000000000005
1047,23.79,3.996,6515.38,202.0,194.5
1048,30.594,3.836,6251.2,186.0,323.9
1049,36.624,3.4819999999999998,8199.65,347.0,263.4
1050,62.58,5.756,10572.55,684.0,359.0
1051,58.352,3.944,9550.21,284.0,688.5333333333333
1052,76.658,7.026,9427.18,714.0,503.63333333333344
1053,52.026,2.804,8220.92,439.0,428.1
1054,45.089999999999996,5.84,8205.17,456.0,295.4999999999999
1055,35.892,4.66,8402.76,328.0,270.20000000000005
1056,27.608,2.552,7712.79,195.0,265.1333333333333
1057,26.176,7.268,6999.8,196.0,240.26666666666665
1058,13.95,4.008,5808.55,116.0,116.5
1059,25.316,4.402,7713.13,193.0,228.93333333333334
1060,58.746,7.912,8892.97,671.0,308.1
1061,66.808,5.584,9164.49,615.0,498.4666666666667
1062,41.321999999999996,5.578,7813.01,303.0,385.69999999999993
1063,36.25,4.066,8677.46,297.0,307.16666666666663
1064,42.014,4.374,6009.89,434.0,266.23333333333335
1065,60.37,5.9959999999999996,8871.01,476.0,530.1666666666666
1066,32.906,3.924,9940.26,276.0,272.4333333333333
1067,32.72,3.19,6808.14,242.0,303.33333333333337
1068,63.894,3.954,7709.82,714.0,312.9000000000001
1069,34.268,3.372,7774.53,220.0,351.1333333333333
1070,59.98,5.494,10401.7,454.0,545.6666666666666
1071,49.958,4.306,6737.91,376.0,456.6333333333333
1072,36.386,4.042,7993.58,261.0,345.4333333333333
1073,24.708,2.842,6055.09,158.0,253.8
1074,45.754,3.644,6992.0,336.0,426.5666666666667
1075,60.384,3.03,9616.59,484.0,522.4
1076,47.832,4.424,10202.26,451.0,346.20000000000005
1077,42.632,3.802,9176.52,399.0,311.5333333333333
1078,25.872,3.16,6550.93,225.0,206.2
1079,55.598,5.018,8978.56,561.0,365.6333333333333
1080,48.494,4.952,8809.25,375.0,433.23333333333335
1081,38.484,2.9819999999999998,9855.05,267.0,374.4
1082,39.142,2.36,7780.59,394.0,258.3666666666667
1083,34.716,2.432,5799.23,236.0,342.6
1084,58.506,5.498,8654.27,488.0,487.1
1085,27.24,2.554,7215.01,188.0,266.0
1086,28.68,4.39,9176.57,215.0,263.0
1087,20.994,5.966,9203.13,240.0,109.89999999999998
1088,21.09,5.776,8947.97,185.0,166.5
1089,53.354,8.080750000000002,8670.03,538.0,351.23333333333335
1090,20.874,2.2720000000000002,5766.33,183.0,164.89999999999998
1091,41.948,3.668,7969.42,276.0,423.1333333333333
1092,57.558,6.954,8032.49,454.0,505.29999999999995
1093,45.71,4.868,7582.7,401.0,360.83333333333337
1094,29.53,2.198,7145.6,216.0,276.1666666666667
1095,48.066,5.026,8630.72,362.0,439.1
1096,28.894,3.826,8677.37,251.0,230.56666666666666
1097,30.418,2.472,6922.1,266.0,240.96666666666664
1098,42.956,3.984,8872.36,335.0,380.9333333333333
1099,58.216,3.562,8858.79,507.0,463.26666666666665
1100,28.316,1.938,8150.29,285.0,186.93333333333334
1101,46.182,2.586,7872.85,308.0,461.70000000000005
1102,37.288,3.588,7885.36,342.0,279.4666666666667
1103,33.72,2.924,7650.4400000000005,268.0,294.0
1104,62.842,4.754,8596.26,526.0,521.3666666666666
1105,56.626,4.28,8510.35,630.0,313.76666666666665
1106,60.9,4.754,10193.36,624.0,391.0
1107,65.872,5.152,8716.27,552.0,545.8666666666666
1108,63.019999999999996,5.764,10224.97,579.0,471.33333333333326
1109,50.37,5.334,8998.53,294.0,545.5
1110,26.87,3.396,6294.85,225.0,222.83333333333331
1111,53.461999999999996,4.652,8431.05,498.0,393.0333333333332
1112,20.378,2.7680000000000002,6794.59,80.0,259.6333333333333
1113,34.688,4.33,8540.75,324.0,254.13333333333333
1114,32.628,3.882,8463.58,239.0,304.79999999999995
1115,47.65,4.026,10403.4,457.0,337.16666666666663
1116,18.556,3.858,6987.72,166.0,143.26666666666665
1117,39.284,4.272,10091.35,453.0,201.73333333333335
1118,23.344,4.556,5748.41,139.0,250.06666666666666
1119,13.914,5.112,10065.0,108.0,123.9
1120,38.25,3.512,9647.47,402.0,235.5
1121,42.798,4.808,9639.98,399.0,314.29999999999995
1122,29.678,3.404,7128.43,247.0,247.63333333333333
1123,0.0,0.24275000000000002,4511.55125,0.0,0.0
1124,20.352,2.56,4511.55125,99.0,240.2
1125,46.922,4.866,6815.5,384.0,398.0333333333333
1126,54.47,6.0,8013.3,544.0,363.83333333333337
1127,38.186,4.568,7996.11,346.0,290.4333333333333
1128,37.646,3.802,6813.21,247.0,380.4333333333333
1129,50.782,3.2600000000000002,7048.92,500.0,346.3666666666667
1130,55.172,4.408,8259.03,348.0,571.5333333333333
1131,45.792,4.822,7032.08,318.0,445.20000000000005
1132,47.298,4.474,8447.81,416.0,372.29999999999995
1133,41.414,4.062,6498.56,347.0,343.23333333333335
1134,39.906,3.97,6301.76,339.0,326.1
1135,49.688,2.964,8256.98,462.0,366.1333333333333
1136,59.576,2.878,9246.46,469.0,523.9333333333333
1137,79.477,5.154,11359.93,714.0,694.1249999999998
1138,40.884,4.476,7309.5,272.0,409.4
1139,45.818,3.192,7801.5199999999995,460.0,303.6333333333333
1140,79.477,6.029999999999999,9684.7,714.0,543.0333333333333
1141,51.274,4.544,8748.4,447.0,407.5666666666667
1142,33.142,5.7139999999999995,9543.58,87.0,465.3666666666667
1143,58.85,4.786,10216.75,578.0,402.83333333333337
1144,20.708,3.898,10410.36,89.0,256.1333333333333
1145,57.588,4.322,12038.001250000001,491.0,468.79999999999995
1146,79.477,7.94,8381.09,714.0,395.9666666666667
1147,43.254,4.074,9832.2,523.0,197.89999999999998
1148,25.716,6.006,7914.17,137.0,291.6
1149,12.852,3.16,6746.79,138.0,76.19999999999999
1150,39.168,5.256,9154.99,378.0,274.79999999999995
1151,48.862,4.586,8908.44,447.0,367.3666666666667
1152,30.672,5.824,11087.12,113.0,398.2
1153,73.444,3.606,8464.06,714.0,372.0666666666666
1154,43.062,3.126,8260.01,407.0,310.70000000000005
1155,54.628,3.818,10472.88,489.0,421.4666666666667
1156,49.904,3.652,9739.32,458.0,373.73333333333335
1157,53.178,3.58,9681.25,409.0,477.29999999999995
1158,36.948,1.994,7548.52,334.0,281.79999999999995
1159,42.96,1.976,7972.01,393.0,323.0
1160,59.05,3.538,9187.92,527.0,457.16666666666663
1161,58.996,3.83,8208.77,628.0,355.26666666666665
1162,47.038,4.386,9622.48,435.0,348.9666666666667
1163,28.842,4.95,8728.36,228.0,252.7
1164,31.99,2.434,6281.0,302.0,231.16666666666663
1165,38.466,2.542,6991.05,377.0,264.1
1166,52.378,2.588,7932.23,558.0,314.9666666666667
1167,53.05,2.786,8449.31,621.0,263.16666666666663
1168,19.222,4.578,9447.51,85.0,235.36666666666667
1169,50.308,5.174,8036.16,411.0,427.4666666666667
1170,79.477,5.34,8456.65,714.0,529.2
1171,19.098,2.68,7961.43,140.0,178.3
1172,45.903999999999996,4.444,9248.52,517.0,248.06666666666672
1173,28.284,2.336,6180.57,281.0,190.39999999999998
1174,26.834,3.894,8177.22,276.0,171.23333333333335
1175,26.326,7.69,8212.04,185.0,253.76666666666665
1176,14.64,3.988,7724.85,116.0,128.0
1177,34.612,3.808,8667.41,230.0,346.8666666666667
1178,40.014,3.626,6285.46,345.0,321.9
1179,28.788,4.6240000000000006,8289.32,162.0,317.8
1180,79.477,8.080750000000002,12038.001250000001,714.0,446.26666666666665
1181,32.414,4.0,7985.25,228.0,312.23333333333335
1182,29.728,2.684,5819.84,312.0,183.46666666666664
1183,42.774,4.976,9184.17,277.0,435.9
1184,35.298,3.974,7485.05,375.0,213.29999999999995
1185,44.124,5.28,10385.25,303.0,432.4
1186,40.854,6.272,9420.14,365.0,315.9
1187,2.94,0.554,4511.55125,30.0,19.0
1188,17.844,1.8579999999999999,4511.55125,165.0,132.39999999999998
1189,51.528,4.364,9391.92,558.0,300.79999999999995
1190,47.37,3.64,8429.69,456.0,333.5
1191,46.972,5.922,9636.43,395.0,387.8666666666667
1192,33.844,3.16,5802.23,292.0,272.0666666666667
1193,68.466,8.026,10855.82,622.0,519.0999999999999
1194,52.82,4.692,8646.83,473.0,407.33333333333337
1195,44.568,6.704,8943.48,359.0,383.79999999999995
1196,43.992,4.274,8937.33,430.0,303.20000000000005
1197,41.967999999999996,4.914,7956.65,330.0,369.4666666666667
1198,63.13,5.416,9086.76,620.0,432.16666666666674
1199,37.882,4.686,9862.83,244.0,387.3666666666667
1200,58.724,4.5360000000000005,8227.44,652.0,326.73333333333335
1201,11.546000000000001,2.608,6562.15,24.0,168.43333333333337
1202,50.02,8.080750000000002,9918.77,403.0,430.66666666666663
1203,33.684,3.532,8260.46,301.0,260.4
1204,39.306,4.492,8893.45,429.0,226.10000000000002
1205,35.336,7.278,8410.67,158.0,430.9333333333333
1206,9.780000000000001,3.418,8211.96,65.0,98.00000000000003
1207,36.488,4.59,8453.35,306.0,302.1333333333333
1208,37.69,4.088,5763.57,248.0,380.16666666666663
1209,79.477,6.872,9679.51,714.0,493.33333333333326
1210,43.656,5.412,10664.14,413.0,314.6
1211,51.002,5.412,9895.64,537.0,313.0333333333333
1212,47.176,4.054,7938.87,479.0,307.26666666666665
1213,46.18,4.712,9427.94,519.0,250.66666666666663
1214,51.124,4.508,10115.92,608.0,244.06666666666672
1215,21.98,2.896,6753.51,179.0,187.33333333333331
1216,42.494,4.544,8207.04,478.0,230.23333333333335
1217,50.396,5.212,9653.02,496.0,343.9333333333333
1218,39.782,3.344,7745.1,339.0,324.0333333333333
1219,44.406,4.65,8658.62,451.0,289.1
1220,20.632,4.304,9436.39,139.0,204.86666666666667
1221,69.888,8.080750000000002,11552.14,713.0,451.79999999999995
1222,43.312,6.448,9146.9,281.0,440.8666666666667
1223,23.03,2.85,6992.94,175.0,208.83333333333331
1224,38.796,4.846,9210.23,382.0,264.6
1225,17.942,3.95,7030.2699999999995,139.0,160.03333333333336
1226,26.242,3.374,8499.16,224.0,213.36666666666667
1227,12.214,1.502,4511.55125,130.0,73.56666666666666
1228,57.848,3.5100000000000002,9786.82,557.0,407.1333333333333
1229,46.906,2.62,7748.65,415.0,366.76666666666665
1230,18.974,2.594,7299.23,80.0,236.23333333333335
1231,29.354,6.108,10239.2,220.0,269.23333333333335
1232,24.438,1.794,4714.41,193.0,214.3
1233,69.406,8.080750000000002,10835.83,714.0,294.76666666666665
1234,24.14,3.66,6266.7,244.0,158.33333333333331
1235,12.452,4.31,7251.17,113.0,94.53333333333333
1236,34.022,4.202,7499.21,353.0,214.0333333333333
1237,32.472,4.406,7693.26,276.0,265.20000000000005
1238,50.17,5.17,9490.31,412.0,424.16666666666663
1239,43.168,4.654,8753.39,383.0,336.4666666666667
1240,44.278,4.618,7983.3,491.0,246.9666666666667
1241,67.408,7.5,10641.55,609.0,514.4666666666667
1242,57.93,5.782,10367.37,515.0,450.5
1243,33.936,3.372,7485.08,318.0,247.60000000000002
1244,39.51,3.56,9160.91,361.0,297.5
1245,41.984,4.914,9661.2,389.0,310.73333333333335
1246,22.136,2.74,7527.19,186.0,182.93333333333334
1247,25.89,3.766,8708.92,190.0,241.5
1248,57.242,5.276,8376.59,578.0,376.0333333333333
1249,40.092,6.91,8917.06,279.0,389.20000000000005
1250,21.942,3.232,5544.16,207.0,158.7
1251,38.112,5.746,9610.88,353.0,282.20000000000005
1252,29.798,4.674,7912.73,301.0,195.63333333333333
1253,21.114,3.508,6002.06,235.0,116.89999999999998
1254,32.672,3.32,8405.7,364.0,180.5333333333333
1255,41.66,3.81,8903.2,389.0,305.33333333333337
1256,42.142,4.04,7940.37,400.0,302.3666666666667
1257,38.234,3.134,8175.78,469.0,168.23333333333335
1258,32.212,3.718,8381.63,265.0,271.8666666666667
1259,61.722,7.474,9173.97,548.0,480.70000000000005
1260,22.817999999999998,2.99,9697.17,166.0,214.29999999999995
1261,42.72,3.93,8004.7,330.0,382.0
1262,41.118,3.866,11546.31,335.0,350.29999999999995
1263,43.712,7.434,7956.07,496.0,232.5333333333333
1264,25.648,4.678,7209.08,228.0,199.46666666666664
1265,12.200000000000001,4.05,8674.05,104.0,99.33333333333337
1266,34.384,3.79,8219.91,380.0,193.06666666666672
1267,25.722,3.7960000000000003,7006.45,160.0,268.7
1268,54.354,4.998,8297.289999999999,407.0,498.9
1269,35.712,5.638,6980.28,316.0,279.20000000000005
1270,33.978,5.444,10642.48,287.0,279.29999999999995
1271,29.826,2.998,8425.22,279.0,218.10000000000002
1272,44.748,4.124,8669.67,434.0,311.79999999999995
1273,28.846,5.228,8631.42,286.0,194.76666666666665
1274,43.102000000000004,4.144,9330.56,457.0,261.3666666666668
1275,21.598,3.782,6295.96,216.0,143.96666666666664
1276,58.692,3.548,7923.75,693.0,285.20000000000005
1277,37.84,3.332,7933.23,439.0,191.66666666666663
1278,31.18,5.606,8655.5,272.0,247.66666666666663
1279,23.91,6.872,7433.89,270.0,128.5
1280,25.637999999999998,5.674,7953.54,230.0,197.29999999999995
1281,30.451999999999998,6.772,10356.33,282.0,225.53333333333336
1282,34.612,8.080750000000002,10856.6,389.0,187.86666666666667
1283,23.696,7.0200000000000005,7685.72,225.0,169.93333333333334
1284,28.544,4.88,6008.8,287.0,188.73333333333335
1285,29.744,6.562,7457.5199999999995,297.0,198.73333333333335
1286,37.774,7.138,9844.52,236.0,393.5666666666667
1287,35.082,1.898,6103.99,271.0,313.70000000000005
1288,18.887999999999998,3.188,5846.49,130.0,184.79999999999995
1289,33.12,3.572,8748.28,203.0,349.0
1290,51.268,4.892,10161.88,501.0,353.4666666666667
1291,55.086,4.596,10191.35,584.0,334.1
1292,17.71,2.972,7750.66,154.0,141.16666666666669
1293,26.078,5.586,8418.19,267.0,167.63333333333333
1294,9.870000000000001,4.532,8219.19,53.0,111.50000000000003
1295,25.302,4.368,7745.01,268.0,153.7
1296,51.866,3.996,7966.86,448.0,416.4333333333333
1297,41.461999999999996,4.672,10279.13,180.0,511.0333333333332
1298,29.764,5.6080000000000005,7207.48,277.0,219.06666666666666
1299,26.514,3.49,6255.0,130.0,311.9
1300,30.009999999999998,4.856,7675.63,173.0,327.16666666666663
1301,17.796,4.702,6730.34,138.0,158.60000000000002
1302,12.576,3.7920000000000003,6519.92,78.0,131.6
1303,23.77,4.332,6994.58,168.0,228.16666666666669
1304,17.864,3.882,7967.25,139.0,158.73333333333335
1305,27.64,5.55,8932.92,233.0,227.66666666666669
1306,30.662,6.9639999999999995,9658.87,273.0,238.03333333333336
1307,34.352000000000004,8.080750000000002,9886.62,234.0,338.5333333333334
1308,24.978,6.87,8652.85,247.0,169.3
1309,19.306,6.732,8164.41,95.0,226.76666666666665
1310,24.896,5.332,6722.23,289.0,125.93333333333334
1311,25.336000000000002,5.044,9873.89,167.0,255.2666666666667
1312,16.342,3.482,6483.04,91.0,181.36666666666662
1313,20.996,5.49,9142.59,209.0,140.93333333333334
1314,14.458,5.812,9374.16,114.0,126.96666666666667
1315,15.682,4.292,8878.09,147.0,114.36666666666667
1316,12.408000000000001,3.108,7202.76,127.0,79.80000000000004
1317,38.372,2.746,7822.78,296.0,343.5333333333333
1318,70.224,3.042,7722.6,621.0,549.4000000000001
1319,47.73,6.124,8085.6,479.0,316.5
1320,51.262,4.904,9178.18,394.0,460.3666666666667
1321,24.098,2.724,6557.44,256.0,145.63333333333333
1322,32.16,3.646,7464.23,363.0,172.9999999999999
1323,21.904,5.262,8653.99,203.0,162.06666666666666
1324,6.224,2.334,5766.94,40.0,63.733333333333334
1325,35.308,5.182,10364.5,181.0,407.4666666666667
1326,38.06,5.63,9649.34,255.0,379.33333333333337
1327,47.558,3.828,8060.85,370.0,422.6333333333333
1328,15.826,4.286,9391.71,140.0,123.76666666666665
1329,13.314,3.954,7474.01,124.0,97.9
1330,22.554,5.28,8216.07,179.0,196.89999999999998
1331,30.44,4.362,7949.27,211.0,296.3333333333333
1332,17.552,2.378,5541.59,127.0,165.53333333333336
1333,0.0,0.24275000000000002,4511.55125,0.0,0.0
1334,0.0,0.24275000000000002,4511.55125,0.0,0.0
1335,0.0,0.24275000000000002,4511.55125,0.0,0.0
1336,0.0,0.24275000000000002,4511.55125,0.0,0.0
1337,2.75,0.728,4511.55125,27.0,18.833333333333336
1338,13.6,4.252,6055.7,102.0,124.66666666666666
1339,22.733999999999998,4.772,9188.61,230.0,148.89999999999998
1340,26.078,3.554,7709.57,298.0,136.63333333333333
1341,19.722,4.266,8697.43,114.0,214.7
1342,40.778,5.812,7716.3,432.0,247.63333333333333
1343,17.816,4.046,5841.32,151.0,145.93333333333334
1344,19.57,2.634,4829.61,203.0,123.16666666666669
1345,44.82,4.682,10391.8,434.0,313.0
1346,40.822,5.128,8685.38,338.0,342.3666666666667
1347,50.996,4.402,8300.29,539.0,310.9333333333333
1348,55.162,3.352,8512.56,538.0,381.3666666666667
1349,43.028,4.4,8756.63,250.0,467.1333333333333
1350,25.6,3.13,5815.26,275.0,151.66666666666669
1351,53.628,6.67,10141.88,543.0,350.79999999999995
1352,31.426,4.934,8450.39,324.0,199.76666666666665
1353,17.688,5.164,5291.05,67.0,227.8
1354,12.192,3.686,8436.91,102.0,101.19999999999999
1355,32.242,4.282,9391.05,259.0,278.36666666666656
1356,44.704,6.104,9360.33,458.0,287.0666666666667
1357,37.714,2.866,5454.06,269.0,359.5666666666667
1358,18.01,4.706,7471.73,118.0,182.16666666666669
1359,40.622,4.912,7208.13,418.0,259.0333333333333
1360,29.706,7.594,10144.19,147.0,348.1
1361,30.002,3.402,8425.44,274.0,226.03333333333336
1362,35.796,4.842,8168.4800000000005,466.0,130.60000000000002
1363,25.63,4.828,8703.79,237.0,190.16666666666669
1364,14.790000000000001,2.814,7033.69,70.0,176.50000000000003
1365,31.012,4.0440000000000005,7744.82,346.0,170.86666666666667
1366,26.494,2.886,6505.84,257.0,184.56666666666666
1367,31.714,5.022,8917.460000000001,325.0,203.56666666666672
1368,34.974,4.176,7948.84,288.0,294.9
1369,24.88,3.758,7460.49,158.0,256.6666666666667
1370,1.858,0.24275000000000002,4511.55125,21.0,9.966666666666665
1371,0.0,0.24275000000000002,4511.55125,0.0,0.0
1372,0.0,0.24275000000000002,4511.55125,0.0,0.0
1373,6.234,0.24275000000000002,4511.55125,24.0,79.9
1374,33.272,2.884,7964.54,333.0,221.5333333333333
1375,29.464000000000002,3.908,9216.77,177.0,314.0666666666667
1376,43.606,4.2780000000000005,6849.92,341.0,385.76666666666665
1377,42.164,3.028,7010.62,391.0,311.73333333333335
1378,45.124,3.394,9749.63,358.0,394.0666666666667
1379,33.212,5.134,9151.38,315.0,238.5333333333333
1380,31.968,4.392,9657.36,252.0,280.79999999999995
1381,21.752,4.304,7742.59,184.0,178.53333333333336
1382,32.604,8.080750000000002,10344.49,292.0,251.39999999999998
1383,13.530000000000001,4.508,8938.3,117.0,108.50000000000003
1384,32.552,4.958,8938.25,334.0,208.5333333333333
1385,59.184,8.080750000000002,8889.47,381.0,605.4
1386,44.99,2.66,7882.41,518.0,231.83333333333337
1387,54.336,6.158,8403.16,407.0,498.6
1388,62.158,5.49,8668.26,499.0,536.9666666666667
1389,42.716,4.97,7950.18,369.0,342.9333333333333
1390,19.272,4.326,7768.66,136.0,185.2
1391,23.556,5.638,9698.05,150.0,242.60000000000002
1392,52.342,6.696,8732.16,503.0,369.3666666666667
1393,37.174,6.024,9706.24,176.0,443.5666666666667
1394,30.618,3.7,7273.65,228.0,282.3
1395,30.221999999999998,4.476,5576.87,132.0,371.69999999999993
1396,46.716,4.9,9702.47,439.0,339.6
1397,74.976,7.406,12038.001250000001,714.0,520.5999999999999
1398,58.802,7.194,8242.8,575.0,405.0333333333333
1399,25.804,3.49,8956.83,168.0,262.06666666666666
1400,26.794,4.556,9796.44,250.0,196.56666666666666
1401,26.264,2.552,6647.93,254.0,183.73333333333335
1402,29.704,3.136,9375.34,189.0,306.06666666666666
1403,38.47,6.3340000000000005,10577.13,168.0,473.16666666666663
1404,48.93,4.4879999999999995,7783.52,386.0,429.5
1405,56.344,5.524,10812.56,374.0,565.0666666666667
1406,39.572,3.42,8087.9400000000005,366.0,293.5333333333333
1407,31.058,3.05,8804.96,241.0,276.6333333333333
1408,62.706,3.926,11407.3,591.0,454.0999999999999
1409,39.162,3.248,9176.48,359.0,293.70000000000005
1410,40.42,3.976,9216.65,347.0,326.66666666666663
1411,35.924,3.636,6990.49,373.0,225.73333333333335
1412,36.638,7.968,10551.68,300.0,310.6333333333333
1413,19.098,5.872,9615.32,188.0,130.3
1414,42.936,5.842,8953.15,282.0,433.6
1415,28.099999999999998,5.022,6719.9,258.0,210.33333333333326
1416,50.26,4.494,10028.64,315.0,522.6666666666666
1417,39.758,4.058,6955.17,320.0,342.6333333333333
1418,48.786,4.888,7401.29,360.0,453.1
1419,47.714,3.138,8850.57,447.0,348.23333333333335
1420,36.448,2.712,7719.08,224.0,383.4666666666667
1421,31.154,3.35,7502.3099999999995,195.0,324.23333333333335
1422,45.348,5.102,9637.13,316.0,439.79999999999995
1423,34.258,2.14,7208.43,332.0,238.9666666666667
1424,62.772,4.166,9385.47,601.0,445.20000000000005
1425,28.105999999999998,3.394,10855.12,120.0,348.4333333333333
1426,53.814,3.514,8408.05,443.0,453.9
1427,46.186,3.422,11099.74,279.0,490.76666666666665
1428,50.946,4.026,10595.42,514.0,335.1
1429,47.742,3.974,11101.64,236.0,559.7
1430,26.468,3.822,7495.25,163.0,278.1333333333333
1431,16.726,1.8880000000000001,4511.55125,180.0,98.76666666666665
1432,54.284,3.32,8250.92,432.0,472.73333333333335
1433,30.424,2.936,7295.78,318.0,189.06666666666666
1434,38.76,3.044,6756.75,430.0,216.0
1435,65.384,5.144,10123.58,689.0,400.73333333333335
1436,62.776,7.648,8877.91,714.0,256.26666666666665
1437,22.978,5.108,6718.75,184.0,198.96666666666664
1438,14.332,3.886,8189.57,138.0,100.86666666666667
1439,29.948,3.508,6525.63,257.0,242.13333333333333
1440,31.168,3.5100000000000002,7442.2,224.0,295.4666666666667
1441,46.412,4.156,8840.71,333.0,440.5333333333333
